410
19
437
483
511
46
387
588
215
582
463
554
586
482
313
495
372
72
417
453
193
464
145
181
239
375
404
526
256
374
139
282
270
292
90
561
242
545
204
576
541
548
213
186
202
225
36
243
39
170
290
466
137
533
358
333
147
392
319
579
585
324
99
547
322
218
253
397
251
462
150
148
549
496
376
465
349
486
369
550
78
438
293
130
340
516
354
353
57
366
568
352
154
152
306
192
501
393
102
227
416
532
48
515
276
589
201
409
522
521
341
380
452
241
122
323
41
514
584
555
537
365
259
350
359
62
377
567
144
248
578
68
199
212
81
346
185
246
105
362
315
443
371
447
80
497
252
210
356
187
207
456
513
115
345
269
442
304
344
89
509
469
424
16
103
247
92
205
415
15
118
235
178
436
88
10
450
388
525
37
429
432
111
58
250
153
439
433
167
518
565
342
400
284
182
77
26
2
75
558
183
79
285
328
277
428
523
73
101
66
163
8
382
507
142
76
314
162
311
419
169
448
274
528
216
431
44
177
23
11
184
93
286
326
5
408
458
580
317
141
287
572
14
305
309
267
471
370
449
203
108
491
378
4
446
104
467
460
418
297
329
347
475
440
67
472
364
38
229
120
3
21
498
266
245
581
489
191
9
114
583
53
381
281
411
485
221
236
138
360
180
571
510
65
560
109
361
172
124
275
134
211
476
536
336
457
106
422
273
406
30
327
477
474
552
334
110
95
500
395
0
196
100
363
83
402
470
228
156
263
155
257
434
527
575
24
351
195
562
503
49
573
455
330
590
136
234
300
135
133
538
238
280
56
524
249
7
318
158
71
468
493
206
27
570
42
69
70
325
355
230
91
564
445
149
113
240
85
55
223
283
127
132
262
494
368
1
539
40
219
43
25
512
339
531
296
97
435
310
479
190
209
386
444
490
543
59
232
29
303
165
401
176
508
171
258
47
220
540
129
480
348
279
389
63
265
82
337
593
414
224
143
413
18
98
164
119
546
86
396
194
394
188
569
383
74
427
302
481
459
316
399
577
542
294
94
117
426
222
563
529
574
343
535
530
407
13
502
591
425
451
261
484
33
268
298
506
217
478
214
291
189
357
174
312
271
84
473
128
321
17
31
173
6
517
260
168
198
208
505
384
50
22
504
32
520
125
373
45
534
307
301
96
264
338
231
61
423
295
12
226
403
557
20
126
454
587
289
405
255
121
60
116
112
320
35
461
544
332
299
200
385
566
559
197
179
492
254
551
28
54
160
519
146
441
553
430
140
87
367
64
278
51
151
390
34
159
592
420
487
52
123
398
499
379
272
556
131
175
421
166
488
161
391
157
233
308
335
107
244
331
412
288
237